1	0.099
2	0.198
3	0.221
4	0.241
5	0.259
6	0.276
7	0.291
8	0.337
9	0.349
10	0.360
11	0.371
12	0.381
13	0.391
14	0.424
15	0.433
16	0.463
17	0.510
18	0.517
19	0.523
20	0.529
21	0.534
22	0.540
23	0.545
24	0.549
25	0.572
26	0.576
27	0.580
28	0.584
29	0.588
30	0.591
31	0.594
32	0.614
33	0.617
34	0.62
35	0.638
36	0.640
37	0.642
38	0.660
39	0.661
40	0.678
41	0.679
42	0.695
43	0.696
44	0.697
45	0.712
46	0.713
47	0.713
48	0.713
49	0.714
50	0.728
51	0.727
52	0.741
53	0.780
54	0.780
55	0.792
56	0.816
57	0.815
58	0.814
59	0.825
60	0.824
61	0.835
62	0.834
63	0.832
64	0.854
65	0.852
66	0.851
67	0.860
68	0.858
69	0.856
70	0.866
71	0.863
72	0.861
73	0.858
74	0.855
75	0.864
76	0.873
77	0.881
78	0.889
79	0.886
80	0.883
81	0.902
82	0.898
83	0.895
84	0.891
85	0.909
86	0.905
87	0.901
88	0.897
89	0.904
90	0.900
91	0.895
92	0.890
93	0.897
94	0.903
95	0.920
96	0.926
97	0.921
98	0.937
99	0.953
100	0.959
101	0.974
102	0.969
103	0.963
104	0.968
105	0.963
106	0.977
107	0.972
108	0.986
109	0.990
110	0.994
111	1.018
112	1.041
113	1.055
114	1.067
115	1.071
116	1.065
117	1.058
118	1.061
119	1.083
120	1.086
121	1.098
122	1.118
123	1.130
124	1.132
125	1.143
126	1.136
127	1.130
128	1.132
129	1.142
130	1.144
131	1.163
132	1.156
133	1.149
134	1.142
135	1.143
136	1.144
137	1.145
138	1.146
139	1.139
140	1.131
141	1.141
142	1.141
143	1.159
144	1.160
145	1.160
146	1.152
147	1.161
148	1.187
149	1.195
150	1.187
151	1.187
152	1.203
153	1.203
154	1.195
155	1.186
156	1.185
157	1.193
158	1.209
159	1.200
160	1.191
161	1.207
162	1.198
163	1.197
164	1.195
165	1.203
166	1.210
167	1.217
168	1.240
169	1.246
170	1.244
171	1.251
172	1.265
173	1.255
174	1.269
175	1.267
176	1.265
177	1.263
178	1.269
179	1.259
180	1.264
181	1.262
182	1.283
183	1.281
184	1.293
185	1.283
186	1.288
187	1.285
188	1.282
189	1.287
190	1.284
191	1.289
192	1.293
193	1.282
194	1.271
195	1.267
196	1.272
197	1.260
198	1.272
199	1.276
200	1.272
201	1.276
202	1.288
203	1.291
204	1.287
205	1.275
206	1.287
207	1.298
208	1.293
209	1.304
210	1.307
211	1.318
212	1.313
213	1.316
214	1.303
215	1.306
216	1.309
217	1.327
218	1.337
219	1.339
220	1.334
221	1.336
222	1.353
223	1.340
224	1.357
225	1.366
226	1.361
227	1.355
228	1.364
229	1.358
230	1.367
231	1.383
232	1.399
233	1.400
234	1.394
235	1.388
236	1.382
237	1.383
238	1.405
239	1.399
240	1.399
241	1.400
242	1.394
243	1.394
244	1.387
245	1.381
246	1.388
247	1.396
248	1.417
249	1.410
250	1.410
251	1.417
252	1.417
253	1.424
254	1.417
255	1.416
256	1.423
257	1.416
258	1.422
259	1.435
260	1.435
261	1.441
262	1.461
263	1.460
264	1.459
265	1.458
266	1.457
267	1.449
268	1.448
269	1.440
270	1.424
271	1.430
272	1.428
273	1.434
274	1.432
275	1.430
276	1.443
277	1.448
278	1.466
279	1.471
280	1.462
281	1.467
282	1.485
283	1.483
284	1.494
285	1.519
286	1.516
287	1.527
288	1.531
289	1.522
290	1.519
291	1.510
292	1.507
293	1.505
294	1.515
295	1.499
296	1.502
297	1.493
298	1.509
299	1.513
300	1.516
301	1.519
302	1.529
303	1.539
304	1.542
305	1.545
306	1.548
307	1.557
308	1.560
309	1.575
310	1.590
311	1.586
312	1.601
313	1.610
314	1.612
315	1.608
316	1.604
317	1.612
318	1.608
319	1.616
320	1.624
321	1.626
322	1.616
323	1.611
324	1.619
325	1.620
326	1.610
327	1.617
328	1.619
329	1.620
330	1.627
331	1.629
332	1.636
333	1.637
334	1.632
335	1.639
336	1.646
337	1.647
338	1.666
339	1.666
340	1.661
341	1.667
342	1.662
343	1.680
344	1.681
345	1.669
346	1.669
347	1.676
348	1.682
349	1.688
350	1.694
351	1.682
352	1.693
353	1.681
354	1.687
355	1.681
356	1.687
357	1.698
358	1.715
359	1.703
360	1.708
361	1.702
362	1.701
363	1.689
364	1.694
365	1.716
366	1.715
367	1.720
368	1.725
369	1.724
370	1.734
371	1.739
372	1.738
373	1.736
374	1.729
375	1.734
376	1.749
377	1.748
378	1.741
379	1.745
380	1.754
381	1.758
382	1.768
383	1.772
384	1.764
385	1.779
386	1.772
387	1.775
388	1.795
389	1.804
390	1.819
391	1.811
392	1.798
393	1.812
394	1.815
395	1.818
396	1.832
397	1.840
398	1.849
399	1.841
400	1.849
401	1.857
402	1.881
403	1.867
404	1.854
405	1.862
406	1.864
407	1.866
408	1.874
409	1.881
410	1.873
411	1.880
412	1.866
413	1.863
414	1.876
415	1.883
416	1.890
417	1.897
418	1.899
419	1.890
420	1.897
421	1.904
422	1.916
423	1.927
424	1.944
425	1.925
426	1.937
427	1.938
428	1.934
429	1.914
430	1.915
431	1.921
432	1.922
433	1.918
434	1.903
435	1.920
436	1.921
437	1.926
438	1.932
439	1.928
440	1.933
441	1.924
442	1.914
443	1.903
444	1.909
445	1.920
446	1.930
447	1.931
448	1.920
449	1.936
450	1.951
451	1.972
452	1.967
453	1.977
454	1.982
455	1.971
456	1.986
457	2.011
458	2.005
459	2.000
460	2.014
461	1.999
462	2.003
463	2.018
464	2.032
465	2.051
466	2.060
467	2.073
468	2.068
469	2.076
470	2.056
471	2.065
472	2.069
473	2.053
474	2.047
475	2.041
476	2.045
477	2.072
478	2.081
479	2.103
480	2.116
481	2.124
482	2.123
483	2.116
484	2.096
485	2.108
486	2.107
487	2.105
488	2.098
489	2.077
490	2.080
491	2.083
492	2.086
493	2.098
494	2.096
495	2.085
496	2.082
497	2.099
498	2.097
499	2.090
500	2.088
501	2.099
502	2.092
503	2.075
504	2.073
505	2.080
506	2.077
507	2.079
508	2.072
509	2.078
510	2.095
511	2.082
512	2.094
513	2.100
514	2.107
515	2.108
516	2.115
517	2.135
518	2.151
519	2.166
520	2.167
521	2.183
522	2.184
523	2.181
524	2.195
525	2.210
526	2.211
527	2.230
528	2.218
529	2.214
530	2.224
531	2.234
532	2.235
533	2.236
534	2.237
535	2.242
536	2.238
537	2.252
538	2.257
539	2.275
540	2.280
541	2.289
542	2.302
543	2.316
544	2.338
545	2.346
546	2.351
547	2.355
548	2.376
549	2.393
550	2.393
551	2.393
552	2.376
553	2.376
554	2.380
555	2.384
556	2.401
557	2.392
558	2.379
559	2.371
560	2.379
561	2.399
562	2.394
563	2.402
564	2.427
565	2.422
566	2.425
567	2.425
568	2.424
569	2.427
570	2.422
571	2.421
572	2.421
573	2.411
574	2.402
575	2.393
576	2.400
577	2.403
578	2.389
579	2.384
580	2.366
581	2.352
582	2.368
583	2.353
584	2.348
585	2.333
586	2.332
587	2.317
588	2.324
589	2.344
590	2.347
591	2.354
592	2.360
593	2.384
594	2.395
595	2.401
596	2.391
597	2.385
598	2.378
599	2.389
600	2.404
601	2.397
602	2.395
603	2.401
604	2.391
605	2.414
606	2.415
607	2.413
608	2.402
609	2.417
610	2.402
611	2.412
612	2.401
613	2.398
614	2.400
615	2.401
616	2.398
617	2.400
618	2.389
619	2.390
620	2.391
621	2.401
622	2.419
623	2.424
624	2.437
625	2.438
626	2.431
627	2.420
628	2.437
629	2.450
630	2.451
631	2.448
632	2.448
633	2.457
634	2.446
635	2.446
636	2.439
637	2.443
638	2.444
639	2.457
640	2.481
641	2.474
642	2.474
643	2.478
644	2.495
645	2.487
646	2.475
647	2.491
648	2.483
649	2.479
650	2.5
651	2.503
652	2.507
653	2.495
654	2.491
655	2.503
656	2.495
657	2.499
658	2.486
659	2.478
660	2.493
661	2.505
662	2.493
663	2.492
664	2.488
665	2.483
666	2.490
667	2.502
668	2.521
669	2.504
670	2.5
671	2.491
672	2.486
673	2.493
674	2.496
675	2.503
676	2.494
677	2.501
678	2.508
679	2.499
680	2.513
681	2.528
682	2.543
683	2.545
684	2.540
685	2.566
686	2.569
687	2.567
688	2.566
689	2.560
690	2.547
691	2.561
692	2.559
693	2.581
694	2.572
695	2.570
696	2.568
697	2.578
698	2.576
699	2.574
700	2.603
701	2.609
702	2.607
703	2.609
704	2.588
705	2.593
706	2.587
707	2.581
708	2.579
709	2.569
710	2.582
711	2.572
712	2.577
713	2.579
714	2.569
715	2.562
716	2.560
717	2.557
718	2.562
719	2.556
720	2.545
721	2.546
722	2.551
723	2.548
724	2.538
725	2.535
726	2.536
727	2.537
728	2.541
729	2.550
730	2.567
731	2.563
732	2.576
733	2.569
734	2.550
735	2.543
736	2.535
737	2.520
738	2.517
739	2.513
740	2.521
741	2.510
742	2.494
743	2.495
744	2.491
745	2.499
746	2.515
747	2.511
748	2.511
749	2.515
750	2.511
751	2.503
752	2.507
753	2.511
754	2.519
755	2.527
756	2.546
757	2.534
758	2.514
759	2.526
760	2.549
761	2.556
762	2.556
763	2.552
764	2.555
765	2.566
766	2.581
767	2.588
768	2.599
769	2.591
770	2.598
771	2.612
772	2.604
773	2.595
774	2.579
775	2.597
776	2.596
777	2.587
778	2.586
779	2.585
780	2.592
781	2.594
782	2.589
783	2.577
784	2.575
785	2.570
786	2.588
787	2.606
788	2.604
789	2.595
790	2.586
791	2.584
792	2.614
793	2.616
794	2.614
795	2.612
796	2.611
797	2.609
798	2.622
799	2.636
800	2.653
801	2.666
802	2.653
803	2.658
804	2.660
805	2.680
806	2.697
807	2.695
808	2.696
809	2.694
810	2.700
811	2.701
812	2.691
813	2.685
814	2.698
815	2.703
816	2.697
817	2.698
818	2.710
819	2.719
820	2.720
821	2.721
822	2.718
823	2.719
824	2.713
825	2.725
826	2.726
827	2.727
828	2.746
829	2.761
830	2.758
831	2.752
832	2.752
833	2.749
834	2.746
835	2.736
836	2.736
837	2.719
838	2.712
839	2.712
840	2.742
841	2.738
842	2.735
843	2.739
844	2.757
845	2.754
846	2.743
847	2.740
848	2.733
849	2.718
850	2.718
851	2.729
852	2.722
853	2.729
854	2.736
855	2.732
856	2.736
857	2.739
858	2.739
859	2.742
860	2.745
861	2.734
862	2.730
863	2.730
864	2.740
865	2.729
866	2.724
867	2.713
868	2.719
869	2.715
870	2.707
871	2.710
872	2.713
873	2.712
874	2.711
875	2.706
876	2.705
877	2.716
878	2.718
879	2.714
880	2.734
881	2.741
882	2.739
883	2.720
884	2.704
885	2.714
886	2.709
887	2.707
888	2.717
889	2.719
890	2.736
891	2.742
892	2.737
893	2.757
894	2.781
895	2.783
896	2.763
897	2.776
898	2.782
899	2.780
900	2.760
901	2.754
902	2.756
903	2.747
904	2.745
905	2.747
906	2.748
907	2.750
908	2.733
909	2.727
910	2.729
911	2.756
912	2.754
913	2.766
914	2.767
915	2.779
916	2.766
917	2.796
918	2.794
919	2.809
920	2.807
921	2.825
922	2.826
923	2.813
924	2.818
925	2.815
926	2.834
927	2.831
928	2.818
929	2.822
930	2.823
931	2.834
932	2.831
933	2.828
934	2.836
935	2.840
936	2.844
937	2.844
938	2.848
939	2.852
940	2.853
941	2.856
942	2.857
943	2.846
944	2.850
945	2.882
946	2.896
947	2.910
948	2.903
949	2.910
950	2.899
951	2.899
952	2.893
953	2.927
954	2.920
955	2.923
956	2.906
957	2.912
958	2.898
959	2.898
960	2.915
961	2.918
962	2.914
963	2.900
964	2.927
965	2.920
966	2.923
967	2.912
968	2.925
969	2.914
970	2.910
971	2.913
972	2.895
973	2.890
974	2.896
975	2.906
976	2.891
977	2.880
978	2.882
979	2.899
980	2.880
981	2.869
982	2.885
983	2.888
984	2.897
985	2.892
986	2.894
987	2.907
988	2.936
989	2.925
990	2.913
991	2.902
992	2.893
993	2.888
994	2.880
995	2.875
996	2.887
997	2.886
998	2.905
999	2.906
1000	2.912
1001	2.920
1002	2.915
1003	2.903
1004	2.911
1005	2.916
1006	2.914
1007	2.912
1008	2.904
1009	2.908
1010	2.927
1011	2.932
1012	2.926
1013	2.917
1014	2.915
1015	2.916
1016	2.900
1017	2.905
1018	2.892
1019	2.890
1020	2.908
1021	2.899
1022	2.900
1023	2.904
1024	2.905
1025	2.899
1026	2.907
1027	2.911
1028	2.901
1029	2.909
1030	2.903
1031	2.910
1032	2.908
1033	2.908
1034	2.926
1035	2.920
1036	2.927
1037	2.938
1038	2.935
1039	2.932
1040	2.935
1041	2.956
1042	2.960
1043	2.963
1044	2.964
1045	2.960
1046	2.957
1047	2.954
1048	2.944
1049	2.924
1050	2.917
1051	2.927
1052	2.923
1053	2.910
1054	2.913
1055	2.920
1056	2.919
1057	2.912
1058	2.919
1059	2.932
1060	2.949
1061	2.939
1062	2.938
1063	2.938
1064	2.947
1065	2.937
1066	2.933
1067	2.936
1068	2.945
1069	2.951
1070	2.961
1071	2.974
1072	2.993
1073	2.989
1074	2.982
1075	2.967
1076	2.963
1077	2.969
1078	2.965
1079	2.987
1080	2.986
1081	2.992
1082	3.001
1083	3.000
1084	3.019
1085	3.031
1086	3.043
1087	3.048
1088	3.057
1089	3.059
1090	3.047
1091	3.043
1092	3.048
1093	3.040
1094	3.032
1095	3.040
1096	3.032
1097	3.044
1098	3.039
1099	3.044
1100	3.043
1101	3.051
1102	3.046
1103	3.028
1104	3.019
1105	3.031
1106	3.045
1107	3.043
1108	3.058
1109	3.049
1110	3.041
1111	3.055
1112	3.047
1113	3.045
1114	3.036
1115	3.044
1116	3.038
1117	3.039
1118	3.060
1119	3.071
1120	3.075
1121	3.086
1122	3.087
1123	3.081
1124	3.082
1125	3.083
1126	3.090
1127	3.084
1128	3.082
1129	3.083
1130	3.080
1131	3.061
1132	3.072
1133	3.079
1134	3.082
1135	3.086
1136	3.087
1137	3.084
1138	3.084
1139	3.078
1140	3.085
1141	3.098
1142	3.086
1143	3.086
1144	3.089
1145	3.083
1146	3.080
1147	3.080
1148	3.067
1149	3.061
1150	3.041
1151	3.054
1152	3.057
1153	3.057
1154	3.060
1155	3.057
1156	3.070
1157	3.066
1158	3.063
1159	3.076
1160	3.059
1161	3.055
1162	3.039
1163	3.038
1164	3.041
1165	3.040
1166	3.040
1167	3.030
1168	3.036
1169	3.045
1170	3.054
1171	3.050
1172	3.033
1173	3.058
1174	3.061
1175	3.040
1176	3.030
1177	3.026
1178	3.018
1179	3.014
1180	3.009
1181	3.008
1182	3.004
1183	3.000
1184	3.015
1185	3.001
1186	3.000
1187	3.028
1188	3.060
1189	3.062
1190	3.074
1191	3.076
1192	3.074
1193	3.092
1194	3.084
1195	3.086
1196	3.088
1197	3.073
1198	3.069
1199	3.090
1200	3.091
1201	3.083
1202	3.098
1203	3.093
1204	3.091
1205	3.096
1206	3.094
1207	3.086
1208	3.068
1209	3.066
1210	3.061
1211	3.055
1212	3.079
1213	3.094
1214	3.120
1215	3.122
1216	3.123
1217	3.108
1218	3.096
1219	3.090
1220	3.082
1221	3.096
1222	3.093
1223	3.091
1224	3.089
1225	3.086
1226	3.084
1227	3.081
1228	3.072
1229	3.073
1230	3.070
1231	3.074
1232	3.078
1233	3.095
1234	3.086
1235	3.073
1236	3.067
1237	3.068
1238	3.081
1239	3.078
1240	3.075
1241	3.079
1242	3.082
1243	3.076
1244	3.076
1245	3.083
1246	3.102
1247	3.106
1248	3.119
1249	3.125
1250	3.119
1251	3.106
1252	3.125
1253	3.125
1254	3.125
1255	3.115
1256	3.115
1257	3.112
1258	3.092
1259	3.098
1260	3.095
1261	3.091
1262	3.107
1263	3.132
1264	3.138
1265	3.131
1266	3.137
1267	3.117
1268	3.120
1269	3.129
1270	3.135
1271	3.141
1272	3.143
1273	3.158
1274	3.167
1275	3.160
1276	3.162
1277	3.161
1278	3.164
1279	3.191
1280	3.203
1281	3.214
1282	3.235
1283	3.240
1284	3.239
1285	3.232
1286	3.234
1287	3.236
1288	3.235
1289	3.218
1290	3.217
1291	3.212
1292	3.195
1293	3.200
1294	3.190
1295	3.191
1296	3.193
1297	3.223
1298	3.224
1299	3.229
1300	3.228
1301	3.217
1302	3.218
1303	3.217
1304	3.202
1305	3.198
1306	3.211
1307	3.225
1308	3.242
1309	3.249
1310	3.251
1311	3.261
1312	3.262
1313	3.263
1314	3.249
1315	3.238
1316	3.242
1317	3.249
1318	3.247
1319	3.254
1320	3.264
1321	3.268
1322	3.272
1323	3.270
1324	3.265
1325	3.269
1326	3.282
1327	3.282
1328	3.304
1329	3.299
1330	3.293
1331	3.294
1332	3.279
1333	3.295
1334	3.293
1335	3.293
1336	3.281
1337	3.312
1338	3.303
1339	3.304
1340	3.292
1341	3.280
1342	3.277
1343	3.262
1344	3.253
1345	3.244
1346	3.244
1347	3.269
1348	3.302
1349	3.284
1350	3.287
1351	3.281
1352	3.290
1353	3.296
1354	3.320
1355	3.347
1356	3.332
1357	3.329
1358	3.344
1359	3.349
1360	3.352
1361	3.343
1362	3.334
1363	3.336
1364	3.366
1365	3.368
1366	3.377
1367	3.382
1368	3.414
1369	3.440
1370	3.448
1371	3.435
1372	3.444
1373	3.446
1374	3.448
1375	3.450
1376	3.444
1377	3.446
1378	3.428
1379	3.433
1380	3.443
1381	3.448
1382	3.442
1383	3.438
1384	3.440
1385	3.436
1386	3.429
1387	3.422
1388	3.427
1389	3.423
1390	3.424
1391	3.429
1392	3.422
1393	3.421
1394	3.417
1395	3.418
1396	3.423
1397	3.421
1398	3.417
1399	3.451
1400	3.432
1401	3.427
1402	3.435
1403	3.459
1404	3.469
1405	3.473
1406	3.463
1407	3.447
1408	3.431
1409	3.429
1410	3.419
1411	3.428
1412	3.433
1413	3.419
1414	3.414
1415	3.409
1416	3.416
1417	3.414
1418	3.421
1419	3.410
1420	3.408
1421	3.400
1422	3.404
1423	3.387
1424	3.400
1425	3.406
1426	3.404
1427	3.408
1428	3.411
1429	3.406
1430	3.416
1431	3.402
1432	3.399
1433	3.406
1434	3.418
1435	3.421
1436	3.430
1437	3.425
1438	3.440
1439	3.434
1440	3.449
1441	3.441
1442	3.435
1443	3.470
1444	3.467
1445	3.462
1446	3.450
1447	3.436
1448	3.445
1449	3.442
1450	3.445
1451	3.471
1452	3.468
1453	3.482
1454	3.482
1455	3.473
1456	3.476
1457	3.484
1458	3.464
1459	3.464
1460	3.466
1461	3.475
1462	3.469
1463	3.471
1464	3.456
1465	3.459
1466	3.467
1467	3.481
1468	3.481
1469	3.477
1470	3.474
1471	3.467
1472	3.461
1473	3.469
1474	3.477
1475	3.468
1476	3.464
1477	3.455
1478	3.448
1479	3.450
1480	3.475
1481	3.471
1482	3.462
1483	3.458
1484	3.463
1485	3.491
1486	3.478
1487	3.477
1488	3.507
1489	3.512
1490	3.511
1491	3.510
1492	3.520
1493	3.536
1494	3.546
1495	3.550
1496	3.580
1497	3.578
1498	3.569
1499	3.595
1500	3.605
1501	3.606
1502	3.611
1503	3.598
1504	3.602
1505	3.595
1506	3.596
1507	3.595
1508	3.582
1509	3.569
1510	3.598
1511	3.599
1512	3.597
1513	3.587
1514	3.588
1515	3.601
1516	3.590
1517	3.594
1518	3.575
1519	3.571
1520	3.566
1521	3.556
1522	3.548
1523	3.549
1524	3.552
1525	3.545
1526	3.559
1527	3.557
1528	3.555
1529	3.556
1530	3.556
1531	3.560
1532	3.554
1533	3.555
1534	3.538
1535	3.533
1536	3.539
1537	3.554
1538	3.557
1539	3.591
1540	3.594
1541	3.591
1542	3.589
1543	3.572
1544	3.570
1545	3.573
1546	3.564
1547	3.550
1548	3.539
1549	3.551
1550	3.548
1551	3.562
1552	3.567
1553	3.567
1554	3.570
1555	3.573
1556	3.581
1557	3.586
1558	3.592
1559	3.591
1560	3.586
1561	3.588
1562	3.574
1563	3.585
1564	3.584
1565	3.581
1566	3.583
1567	3.580
1568	3.591
1569	3.588
1570	3.595
1571	3.611
1572	3.611
1573	3.616
1574	3.607
1575	3.601
1576	3.589
1577	3.602
1578	3.615
1579	3.620
1580	3.627
1581	3.657
1582	3.658
1583	3.674
1584	3.678
1585	3.686
1586	3.685
1587	3.713
1588	3.712
1589	3.701
1590	3.708
1591	3.712
1592	3.708
1593	3.718
1594	3.706
1595	3.721
1596	3.728
1597	3.758
1598	3.760
1599	3.758
1600	3.749
1601	3.756
1602	3.760
1603	3.774
1604	3.757
1605	3.763
1606	3.770
1607	3.766
1608	3.764
1609	3.771
1610	3.758
1611	3.765
1612	3.774
1613	3.785
1614	3.786
1615	3.798
1616	3.799
1617	3.797
1618	3.782
1619	3.799
1620	3.802
1621	3.816
1622	3.819
1623	3.810
1624	3.805
1625	3.808
1626	3.812
1627	3.817
1628	3.808
1629	3.824
1630	3.840
1631	3.859
1632	3.864
1633	3.870
1634	3.865
1635	3.858
1636	3.858
1637	3.859
1638	3.851
1639	3.859
1640	3.849
1641	3.844
1642	3.842
1643	3.834
1644	3.832
1645	3.827
1646	3.858
1647	3.858
1648	3.848
1649	3.850
1650	3.850
1651	3.861
1652	3.869
1653	3.850
1654	3.842
1655	3.858
1656	3.871
1657	3.871
1658	3.868
1659	3.860
1660	3.862
1661	3.859
1662	3.849
1663	3.856
1664	3.858
1665	3.858
1666	3.868
1667	3.870
1668	3.867
1669	3.877
1670	3.879
1671	3.871
1672	3.865
1673	3.877
1674	3.882
1675	3.886
1676	3.881
1677	3.864
1678	3.858
1679	3.858
1680	3.872
1681	3.869
1682	3.868
1683	3.860
1684	3.854
1685	3.845
1686	3.841
1687	3.827
1688	3.829
1689	3.836
1690	3.830
1691	3.857
1692	3.856
1693	3.860
1694	3.849
1695	3.853
1696	3.844
1697	3.835
1698	3.841
1699	3.856
1700	3.862
1701	3.861
1702	3.878
1703	3.866
1704	3.883
1705	3.873
1706	3.877
1707	3.883
1708	3.869
1709	3.860
1710	3.876
1711	3.885
1712	3.891
1713	3.879
1714	3.875
1715	3.871
1716	3.872
1717	3.867
1718	3.858
1719	3.856
1720	3.862
1721	3.860
1722	3.869
1723	3.875
1724	3.875
1725	3.871
1726	3.853
1727	3.857
1728	3.849
1729	3.842
1730	3.843
1731	3.872
1732	3.864
1733	3.860
1734	3.860
1735	3.868
1736	3.866
1737	3.856
1738	3.843
1739	3.846
1740	3.849
1741	3.844
1742	3.847
1743	3.852
1744	3.863
1745	3.868
1746	3.876
1747	3.881
1748	3.881
1749	3.879
1750	3.887
1751	3.887
1752	3.897
1753	3.899
1754	3.894
1755	3.894
1756	3.894
1757	3.894
1758	3.906
1759	3.904
1760	3.916
1761	3.901
1762	3.905
1763	3.897
1764	3.902
1765	3.904
1766	3.914
1767	3.906
1768	3.903
1769	3.908
1770	3.894
1771	3.889
1772	3.888
1773	3.911
1774	3.905
1775	3.899
1776	3.896
1777	3.898
1778	3.913
1779	3.902
1780	3.896
1781	3.897
1782	3.897
1783	3.896
1784	3.892
1785	3.899
1786	3.909
1787	3.900
1788	3.899
1789	3.885
1790	3.894
1791	3.883
1792	3.897
1793	3.878
1794	3.869
1795	3.868
1796	3.859
1797	3.889
1798	3.906
1799	3.899
1800	3.893
1801	3.874
1802	3.890
1803	3.907
1804	3.903
1805	3.927
1806	3.923
1807	3.932
1808	3.943
1809	3.947
1810	3.943
1811	3.944
1812	3.942
1813	3.943
1814	3.937
1815	3.940
1816	3.941
1817	3.947
1818	3.955
1819	3.943
1820	3.957
1821	3.955
1822	3.971
1823	3.969
1824	3.955
1825	3.955
1826	3.938
1827	3.941
1828	3.944
1829	3.932
1830	3.943
1831	3.938
1832	3.939
1833	3.954
1834	3.980
1835	4.010
1836	4.013
1837	4.009
1838	4.004
1839	4.004
1840	4.004
1841	4.005
1842	4.002
1843	4.005
1844	4.000
1845	3.998
1846	3.993
1847	3.981
1848	3.988
1849	3.988
1850	3.981
1851	3.981
1852	3.991
1853	3.991
1854	3.991
1855	3.990
1856	3.993
1857	3.983
1858	3.977
1859	3.972
1860	3.974
1861	4.002
1862	4.001
1863	4.006
1864	4.016
1865	4.003
1866	4.000
1867	3.997
1868	3.987
1869	3.996
1870	4.013
1871	4.023
1872	4.007
1873	4.002
1874	4.006
1875	4.005
1876	4.017
1877	4.024
1878	4.028
1879	4.023
1880	4.029
1881	4.026
1882	4.023
1883	4.012
1884	4.024
1885	4.015
1886	4.012
1887	4.029
1888	4.018
1889	4.019
1890	4.036
1891	4.044
1892	4.075
1893	4.074
1894	4.088
1895	4.089
1896	4.081
1897	4.085
1898	4.081
1899	4.080
1900	4.074
1901	4.068
1902	4.057
1903	4.048
1904	4.049
1905	4.062
1906	4.064
1907	4.065
1908	4.068
1909	4.074
1910	4.077
1911	4.093
1912	4.092
1913	4.093
1914	4.091
1915	4.097
1916	4.085
1917	4.089
1918	4.085
1919	4.073
1920	4.069
1921	4.072
1922	4.060
1923	4.054
1924	4.040
1925	4.043
1926	4.048
1927	4.059
1928	4.049
1929	4.060
1930	4.068
1931	4.080
1932	4.088
1933	4.086
1934	4.084
1935	4.089
1936	4.090
1937	4.083
1938	4.078
1939	4.083
1940	4.084
1941	4.076
1942	4.077
1943	4.072
1944	4.075
1945	4.080
1946	4.090
1947	4.097
1948	4.104
1949	4.095
1950	4.095
1951	4.104
1952	4.129
1953	4.126
1954	4.119
1955	4.102
1956	4.089
1957	4.089
1958	4.106
1959	4.099
1960	4.091
1961	4.096
1962	4.103
1963	4.097
1964	4.092
1965	4.087
1966	4.106
1967	4.103
1968	4.098
1969	4.100
1970	4.107
1971	4.094
1972	4.106
1973	4.108
1974	4.107
1975	4.109
1976	4.111
1977	4.113
1978	4.114
1979	4.126
1980	4.123
1981	4.122
1982	4.107
1983	4.111
1984	4.098
1985	4.092
1986	4.108
1987	4.110
1988	4.111
1989	4.117
1990	4.131
1991	4.152
1992	4.148
1993	4.152
1994	4.154
1995	4.140
1996	4.132
1997	4.133
1998	4.135
1999	4.141
2000	4.154
2001	4.153
2002	4.154
2003	4.150
2004	4.149
2005	4.148
2006	4.144
2007	4.140
2008	4.136
2009	4.137
2010	4.126
2011	4.139
2012	4.145
2013	4.151
2014	4.159
2015	4.172
2016	4.175
2017	4.169
2018	4.167
2019	4.170
2020	4.168
2021	4.160
2022	4.182
2023	4.166
2024	4.174
2025	4.181
2026	4.182
2027	4.170
2028	4.185
2029	4.169
2030	4.162
2031	4.158
2032	4.159
2033	4.147
2034	4.135
2035	4.138
2036	4.126
2037	4.124
2038	4.115
2039	4.117
2040	4.120
2041	4.118
2042	4.118
2043	4.121
2044	4.131
2045	4.145
2046	4.157
2047	4.165
2048	4.170
2049	4.167
2050	4.191
2051	4.194
2052	4.191
2053	4.191
2054	4.181
2055	4.179
2056	4.174
2057	4.183
2058	4.198
2059	4.176
2060	4.168
2061	4.161
2062	4.156
2063	4.153
2064	4.153
2065	4.143
2066	4.140
2067	4.137
2068	4.139
2069	4.139
2070	4.138
2071	4.135
2072	4.123
2073	4.139
2074	4.146
2075	4.153
2076	4.152
2077	4.151
2078	4.143
2079	4.145
2080	4.140
2081	4.136
2082	4.143
2083	4.145
2084	4.127
2085	4.133
2086	4.140
2087	4.131
2088	4.128
2089	4.127
2090	4.129
2091	4.142
2092	4.134
2093	4.138
2094	4.151
2095	4.160
2096	4.149
2097	4.155
2098	4.178
2099	4.184
2100	4.199
2101	4.189
2102	4.173
2103	4.189
2104	4.192
2105	4.210
2106	4.211
2107	4.221
2108	4.222
2109	4.226
2110	4.227
2111	4.235
2112	4.250
2113	4.253
2114	4.245
2115	4.267
2116	4.260
2117	4.275
2118	4.290
2119	4.286
2120	4.303
2121	4.311
2122	4.321
2123	4.319
2124	4.320
2125	4.329
2126	4.355
2127	4.342
2128	4.324
2129	4.331
2130	4.327
2131	4.339
2132	4.356
2133	4.359
2134	4.357
2135	4.345
2136	4.337
2137	4.328
2138	4.346
2139	4.344
2140	4.347
2141	4.349
2142	4.350
2143	4.354
2144	4.348
2145	4.350
2146	4.357
2147	4.366
2148	4.373
2149	4.373
2150	4.373
2151	4.373
2152	4.373
2153	4.371
2154	4.366
2155	4.359
2156	4.361
2157	4.357
2158	4.350
2159	4.354
2160	4.352
2161	4.358
2162	4.356
2163	4.358
2164	4.369
2165	4.368
2166	4.361
2167	4.381
2168	4.363
2169	4.385
2170	4.387
2171	4.396
2172	4.391
2173	4.417
2174	4.403
2175	4.412
2176	4.395
2177	4.395
2178	4.396
2179	4.400
2180	4.390
2181	4.401
2182	4.419
2183	4.418
2184	4.428
2185	4.418
2186	4.418
2187	4.421
2188	4.436
2189	4.440
2190	4.437
2191	4.438
2192	4.435
2193	4.436
2194	4.429
2195	4.412
2196	4.431
2197	4.443
2198	4.445
2199	4.444
2200	4.442
2201	4.441
2202	4.442
2203	4.455
2204	4.449
2205	4.466
2206	4.467
2207	4.488
2208	4.487
2209	4.483
2210	4.473
2211	4.476
2212	4.472
2213	4.480
2214	4.478
2215	4.464
2216	4.469
2217	4.496
2218	4.495
2219	4.495
2220	4.492
2221	4.492
2222	4.497
2223	4.480
2224	4.503
2225	4.528
2226	4.555
2227	4.560
2228	4.574
2229	4.572
2230	4.563
2231	4.560
2232	4.573
2233	4.580
2234	4.580
2235	4.583
2236	4.592
2237	4.588
2238	4.582
2239	4.569
2240	4.569
2241	4.567
2242	4.578
2243	4.572
2244	4.572
2245	4.570
2246	4.570
2247	4.568
2248	4.587
2249	4.594
2250	4.598
2251	4.590
2252	4.585
2253	4.587
2254	4.579
2255	4.592
2256	4.598
2257	4.600
2258	4.602
2259	4.613
2260	4.604
2261	4.597
2262	4.603
2263	4.592
2264	4.585
2265	4.600
2266	4.609
2267	4.617
2268	4.621
2269	4.618
2270	4.635
2271	4.630
2272	4.632
2273	4.638
2274	4.646
2275	4.648
2276	4.656
2277	4.645
2278	4.653
2279	4.663
2280	4.664
2281	4.664
2282	4.656
2283	4.660
2284	4.672
2285	4.659
2286	4.660
2287	4.670
2288	4.673
2289	4.677
2290	4.667
2291	4.660
2292	4.681
2293	4.671
2294	4.672
2295	4.674
2296	4.660
2297	4.687
2298	4.694
2299	4.716
2300	4.692
2301	4.702
2302	4.690
2303	4.699
2304	4.724
2305	4.742
2306	4.755
2307	4.758
2308	4.751
2309	4.754
2310	4.759
2311	4.736
2312	4.737
2313	4.736
2314	4.726
2315	4.731
2316	4.719
2317	4.722
2318	4.699
2319	4.689
2320	4.701
2321	4.701
2322	4.702
2323	4.705
2324	4.716
2325	4.714
2326	4.734
2327	4.728
2328	4.711
2329	4.710
2330	4.723
2331	4.717
2332	4.717
2333	4.699
2334	4.699
2335	4.691
2336	4.691
2337	4.700
2338	4.702
2339	4.694
2340	4.688
2341	4.690
2342	4.695
2343	4.695
2344	4.697
2345	4.710
2346	4.723
2347	4.719
2348	4.729
2349	4.733
2350	4.738
2351	4.721
2352	4.714
2353	4.716
2354	4.725
2355	4.729
2356	4.722
2357	4.748
2358	4.743
2359	4.747
2360	4.737
2361	4.732
2362	4.734
2363	4.732
2364	4.733
2365	4.742
2366	4.743
2367	4.754
2368	4.747
2369	4.744
2370	4.740
2371	4.718
2372	4.724
2373	4.717
2374	4.702
2375	4.706
2376	4.703
2377	4.719
2378	4.702
2379	4.708
2380	4.715
2381	4.717
2382	4.716
2383	4.696
2384	4.696
2385	4.699
2386	4.696
2387	4.698
2388	4.697
2389	4.698
2390	4.691
2391	4.686
2392	4.713
2393	4.705
2394	4.724
2395	4.720
2396	4.730
2397	4.735
2398	4.730
2399	4.736
2400	4.739
2401	4.729
2402	4.724
2403	4.729
2404	4.722
2405	4.727
2406	4.717
2407	4.714
2408	4.698
2409	4.703
2410	4.687
2411	4.683
2412	4.682
2413	4.685
2414	4.675
2415	4.693
2416	4.694
2417	4.707
2418	4.703
2419	4.708
2420	4.722
2421	4.750
2422	4.731
2423	4.730
2424	4.726
2425	4.718
2426	4.713
2427	4.705
2428	4.703
2429	4.686
2430	4.689
2431	4.676
2432	4.679
2433	4.667
2434	4.660
2435	4.661
2436	4.668
2437	4.687
2438	4.674
2439	4.675
2440	4.679
2441	4.673
2442	4.667
2443	4.667
2444	4.652
2445	4.661
2446	4.663
2447	4.661
2448	4.663
2449	4.663
2450	4.674
2451	4.670
2452	4.674
2453	4.672
2454	4.682
2455	4.680
2456	4.686
2457	4.688
2458	4.686
2459	4.675
2460	4.681
2461	4.700
2462	4.702
2463	4.696
2464	4.695
2465	4.716
2466	4.724
2467	4.707
2468	4.726
2469	4.738
2470	4.750
2471	4.752
2472	4.758
2473	4.753
2474	4.757
2475	4.746
2476	4.752
2477	4.759
2478	4.753
2479	4.756
2480	4.779
2481	4.801
2482	4.802
2483	4.816
2484	4.824
2485	4.813
2486	4.814
2487	4.822
2488	4.825
2489	4.845
2490	4.846
2491	4.839
2492	4.838
2493	4.842
2494	4.851
2495	4.864
2496	4.874
2497	4.869
2498	4.862
2499	4.852
2500	4.851
